In [4]: x=m.combinemags(m1=17,m2=18)
f1 =  1.58489319246e-07
f2 =  6.3095734448e-08
f_tot =  2.21585053694e-07
m_tot =   16.6361488422
